{
  "topics": [
    "美妝時尚",
    "日常話題",
    "美食",
    "旅遊",
    "藝術和娛樂",
    "科技",
    "生活風格",
    "健康",
    "運動",
    "寵物",
    "交通工具",
    "家庭和關係",
    "宗教命理",
    "成人",
    "遊戲",
    "商業和經濟",
    "法律、政治和社會",
    "教育、工作和學習",
    "氣候和環境"
  ],
  "similarity_matrix": [
    [
      1.0000000000000007,
      0.3205052433486222,
      0.3622982993358622,
      0.2987364967747529,
      0.4014569983026419,
      0.4323159740210311,
      0.42635026771743123,
      0.3469231838878975,
      0.2834546513402208,
      0.3707745138113704,
      0.327809158572298,
      0.2671047608473807,
      0.24466693354063823,
      0.3807258913501033,
      0.2894408715672343,
      0.3028041179120752,
      0.3729931220021048,
      0.35270983547209334,
      0.30406103282511004
    ],
    [
      0.3205052433486222,
      1.0,
      0.3376409340619892,
      0.38529068153047563,
      0.28356169545004967,
      0.2905419259022924,
      0.510145953366236,
      0.32410170618267126,
      0.24825442436389294,
      0.34458072599419554,
      0.2599783881393592,
      0.39167845056854145,
      0.30218369009733037,
      0.3879827099620953,
      0.281485902297347,
      0.25965596416839387,
      0.39805566791805436,
      0.36785005379580443,
      0.29573804635204815
    ],
    [
      0.3622982993358622,
      0.3376409340619892,
      1.0000000000000004,
      0.48113786976258804,
      0.3606307618998715,
      0.2926705436162816,
      0.3779222898181204,
      0.24725938701928238,
      0.21887598528040175,
      0.31848310024658144,
      0.2854443431233096,
      0.26341010714965757,
      0.19999101986289544,
      0.30789951545161637,
      0.2739697729428391,
      0.2743293088624097,
      0.2799626855947159,
      0.2713506117866654,
      0.18715073329300352
    ],
    [
      0.2987364967747529,
      0.38529068153047563,
      0.48113786976258804,
      0.9999999999999999,
      0.3341143532376735,
      0.3105318642486598,
      0.3778724996794404,
      0.25934395124705245,
      0.27699380620839054,
      0.3341236774683576,
      0.29196815138090176,
      0.2684201574315921,
      0.20016546592341228,
      0.3274129089999563,
      0.3672191853897327,
      0.279055406690103,
      0.2531526658609384,
      0.31733052565821546,
      0.26093483803273293
    ],
    [
      0.4014569983026419,
      0.28356169545004967,
      0.3606307618998715,
      0.3341143532376735,
      0.9999999999999997,
      0.35791100658009795,
      0.37938971583415443,
      0.3079302267453858,
      0.3735515400594029,
      0.29835080314127305,
      0.2834211687435204,
      0.3539725695314253,
      0.24431115846104942,
      0.29253710980605296,
      0.3294118600151356,
      0.36599310268241414,
      0.3350017231281894,
      0.3534331084123208,
      0.305889791899814
    ],
    [
      0.4323159740210311,
      0.2905419259022924,
      0.2926705436162816,
      0.3105318642486598,
      0.35791100658009795,
      0.9999999999999998,
      0.321774692529576,
      0.2780247912543827,
      0.26080914365015523,
      0.3119614280257476,
      0.3354364076207809,
      0.2645484354209303,
      0.21494251626388408,
      0.3263866157742693,
      0.4197213870164378,
      0.31934489630229923,
      0.3537319704660126,
      0.35029086471694637,
      0.2655150406522978
    ],
    [
      0.42635026771743123,
      0.510145953366236,
      0.3779222898181204,
      0.3778724996794404,
      0.37938971583415443,
      0.321774692529576,
      0.9999999999999996,
      0.29113841210743036,
      0.2852818859487671,
      0.43399796825980985,
      0.27671190979841365,
      0.35438161791998785,
      0.2867183244509292,
      0.41808984193640364,
      0.26948142819947796,
      0.2625052982379424,
      0.3253154844270677,
      0.3687865859625955,
      0.31383608377031946
    ],
    [
      0.3469231838878975,
      0.32410170618267126,
      0.24725938701928238,
      0.25934395124705245,
      0.3079302267453858,
      0.2780247912543827,
      0.29113841210743036,
      1.0000000000000004,
      0.4462176435450775,
      0.348258134894159,
      0.2500104392427138,
      0.3589989763016838,
      0.2613007246628518,
      0.2907778498821281,
      0.23145737305131747,
      0.2822470358699656,
      0.35317435058238156,
      0.34479349900301903,
      0.3857070095195083
    ],
    [
      0.2834546513402208,
      0.24825442436389294,
      0.21887598528040175,
      0.27699380620839054,
      0.3735515400594029,
      0.26080914365015523,
      0.2852818859487671,
      0.4462176435450775,
      1.0000000000000004,
      0.24192122555825363,
      0.29318930342977906,
      0.23777312635242917,
      0.2231817309609301,
      0.24573231458367223,
      0.3481365455186947,
      0.2741039376829582,
      0.24104558558823092,
      0.3127800763042264,
      0.3117078045648223
    ],
    [
      0.3707745138113704,
      0.34458072599419554,
      0.31848310024658144,
      0.3341236774683576,
      0.29835080314127305,
      0.3119614280257476,
      0.43399796825980985,
      0.348258134894159,
      0.24192122555825363,
      1.0,
      0.28875334858007806,
      0.26122037050881175,
      0.21425534020965342,
      0.32779613460390433,
      0.28871013321779054,
      0.21723635370023964,
      0.2700953350562988,
      0.26918851581709796,
      0.2563414309713656
    ],
    [
      0.327809158572298,
      0.2599783881393592,
      0.2854443431233096,
      0.29196815138090176,
      0.2834211687435204,
      0.3354364076207809,
      0.27671190979841365,
      0.2500104392427138,
      0.29318930342977906,
      0.28875334858007806,
      1.0,
      0.21617800429128686,
      0.21147755728864676,
      0.30961233026039064,
      0.32751996605540395,
      0.2907087976489429,
      0.30913848672432576,
      0.38891948756833916,
      0.26689851248320423
    ],
    [
      0.2671047608473807,
      0.39167845056854145,
      0.26341010714965757,
      0.2684201574315921,
      0.3539725695314253,
      0.2645484354209303,
      0.35438161791998785,
      0.3589989763016838,
      0.23777312635242917,
      0.26122037050881175,
      0.21617800429128686,
      0.9999999999999996,
      0.30463260623866434,
      0.33722577119116864,
      0.2445093835766769,
      0.31859113592516586,
      0.3593388145328873,
      0.37778282885476755,
      0.33161350581941523
    ],
    [
      0.24466693354063823,
      0.30218369009733037,
      0.19999101986289544,
      0.20016546592341228,
      0.24431115846104942,
      0.21494251626388408,
      0.2867183244509292,
      0.2613007246628518,
      0.2231817309609301,
      0.21425534020965342,
      0.21147755728864676,
      0.30463260623866434,
      1.0000000000000002,
      0.19131944175650983,
      0.22781587969217726,
      0.2721324424367987,
      0.2990765514009684,
      0.2420591681965079,
      0.28841756073889807
    ],
    [
      0.3807258913501033,
      0.3879827099620953,
      0.30789951545161637,
      0.3274129089999563,
      0.29253710980605296,
      0.3263866157742693,
      0.41808984193640364,
      0.2907778498821281,
      0.24573231458367223,
      0.32779613460390433,
      0.30961233026039064,
      0.33722577119116864,
      0.19131944175650983,
      0.9999999999999996,
      0.29077431610805676,
      0.26432227922106233,
      0.3047560560894569,
      0.3214696015908417,
      0.2591644429154746
    ],
    [
      0.2894408715672343,
      0.281485902297347,
      0.2739697729428391,
      0.3672191853897327,
      0.3294118600151356,
      0.4197213870164378,
      0.26948142819947796,
      0.23145737305131747,
      0.3481365455186947,
      0.28871013321779054,
      0.32751996605540395,
      0.2445093835766769,
      0.22781587969217726,
      0.29077431610805676,
      1.000000000000001,
      0.29502092968182403,
      0.25257687035640863,
      0.3229452500929283,
      0.2245493345685612
    ],
    [
      0.3028041179120752,
      0.25965596416839387,
      0.2743293088624097,
      0.279055406690103,
      0.36599310268241414,
      0.31934489630229923,
      0.2625052982379424,
      0.2822470358699656,
      0.2741039376829582,
      0.21723635370023964,
      0.2907087976489429,
      0.31859113592516586,
      0.2721324424367987,
      0.26432227922106233,
      0.29502092968182403,
      1.0,
      0.3581038662034592,
      0.44663795424250086,
      0.25723500860241166
    ],
    [
      0.3729931220021048,
      0.39805566791805436,
      0.2799626855947159,
      0.2531526658609384,
      0.3350017231281894,
      0.3537319704660126,
      0.3253154844270677,
      0.35317435058238156,
      0.24104558558823092,
      0.2700953350562988,
      0.30913848672432576,
      0.3593388145328873,
      0.2990765514009684,
      0.3047560560894569,
      0.25257687035640863,
      0.3581038662034592,
      1.0000000000000002,
      0.4381346910718211,
      0.39218774918488053
    ],
    [
      0.35270983547209334,
      0.36785005379580443,
      0.2713506117866654,
      0.31733052565821546,
      0.3534331084123208,
      0.35029086471694637,
      0.3687865859625955,
      0.34479349900301903,
      0.3127800763042264,
      0.26918851581709796,
      0.38891948756833916,
      0.37778282885476755,
      0.2420591681965079,
      0.3214696015908417,
      0.3229452500929283,
      0.44663795424250086,
      0.4381346910718211,
      0.9999999999999999,
      0.3260819451176447
    ],
    [
      0.30406103282511004,
      0.29573804635204815,
      0.18715073329300352,
      0.26093483803273293,
      0.305889791899814,
      0.2655150406522978,
      0.31383608377031946,
      0.3857070095195083,
      0.3117078045648223,
      0.2563414309713656,
      0.26689851248320423,
      0.33161350581941523,
      0.28841756073889807,
      0.2591644429154746,
      0.2245493345685612,
      0.25723500860241166,
      0.39218774918488053,
      0.3260819451176447,
      1.0
    ]
  ],
  "high_similarity_pairs": [
    [
      "美妝時尚",
      "藝術和娛樂",
      0.4014569983026419
    ],
    [
      "美妝時尚",
      "科技",
      0.4323159740210311
    ],
    [
      "美妝時尚",
      "生活風格",
      0.42635026771743123
    ],
    [
      "日常話題",
      "生活風格",
      0.510145953366236
    ],
    [
      "美食",
      "旅遊",
      0.48113786976258804
    ],
    [
      "科技",
      "遊戲",
      0.4197213870164378
    ],
    [
      "生活風格",
      "寵物",
      0.43399796825980985
    ],
    [
      "生活風格",
      "成人",
      0.41808984193640364
    ],
    [
      "健康",
      "運動",
      0.4462176435450775
    ],
    [
      "商業和經濟",
      "教育、工作和學習",
      0.44663795424250086
    ],
    [
      "法律、政治和社會",
      "教育、工作和學習",
      0.4381346910718211
    ]
  ],
  "statistics": {
    "mean": 0.3092857535625302,
    "std": 0.05888557498641516,
    "max": 0.510145953366236,
    "min": 0.18715073329300352
  }
}